316018851 316028554 61.69178728842738 km 
366709770 366773090 170.3747483174726 km 
366710820 367649320 174.37213842504258 km 
366772760 316003677 334.5998772220158 km 
366772760 366062000 333.77544502276294 km 
366772760 368085000 333.7053581918594 km 
366772760 368032000 333.4432258809639 km 
366772760 338250000 333.2976203952213 km 
366772760 367390380 333.22830985426225 km 
366772760 366980250 332.47507304198365 km 
366772760 367064000 329.8977341456742 km 
366772760 338384000 329.6577045075596 km 
366772760 367439390 200.52397251014483 km 
366772760 366772990 25.91049003548278 km 
366772990 316003677 360.51036725749856 km 
366772990 366062000 359.6859350582457 km 
366772990 368085000 359.61584822734216 km 
366772990 368032000 359.3537159164467 km 
366772990 338250000 359.2081104307041 km 
366772990 367390380 359.13879988974503 km 
366772990 366980250 358.38556307746643 km 
366772990 367064000 355.80822418115696 km 
366772990 338384000 355.56819454304235 km 
366772990 367439390 226.4344625456276 km 
366934280 366982330 20.16961099926409 km 
366934280 369580000 19.55508193412544 km 
366998510 367122220 28.041923556445767 km 
367439390 316003677 134.07590471187098 km 
367439390 366980250 131.95110053183882 km 
367439390 368045710 129.5117439950957 km 
